(1666195761) 181#A8000003
(1666195761) 182#A8000003
(1666195761) 345#747700
(1666195761) 128#C0
(1666195761) 004#E000
(1666195761) 201#900000
(1666195761) 202#900000
(1666195761) 181#492A2A04
(1666195761) 182#49362A04
(1666195761) 181#4AD52A05
(1666195761) 182#4AE12C05
(1666195761) 388#2DE40100
(1666195761) 025#40
(1666195761) 182#27000006
(1666195761) 181#26000006
(1666195762) 181#27000007
(1666195762) 182#26000007
(1666195762) 004#E000
(1666195762) 201#900000
(1666195762) 202#900000
(1666195762) 109#3C00
(1666195762) 025#40
(1666195762) 202#900000
(1666195762) 004#E000
(1666195762) 201#900000
(1666195762) 025#40
(1666195762) 004#E000
(1666195762) 201#900000
(1666195762) 202#900000
(1666195762) 025#40
(1666195762) 004#E000
(1666195762) 201#900000
(1666195762) 202#900000
(1666195762) 025#40
(1666195762) 004#E000
(1666195762) 201#900000
(1666195762) 202#900000
(1666195763) 025#40
(1666195763) 004#E000
(1666195763) 201#900000
(1666195763) 202#900000
(1666195763) 025#40
(1666195763) 004#E000
(1666195763) 201#900000
(1666195763) 202#900000
(1666195763) 204#20
(1666195763) 046#80
(1666195763) 025#40
(1666195763) 32A#FF7F
(1666195763) 30A#FF7F
(1666195763) 004#E000
(1666195763) 201#900000
(1666195763) 202#900000
(1666195763) 025#40
(1666195763) 004#E000
(1666195763) 201#900000
(1666195763) 202#900000
(1666195763) 025#40
(1666195764) 388#2EE40100
(1666195764) 181#A8000003
(1666195764) 182#A8000003
(1666195764) 345#747700
(1666195764) 128#C0
(1666195764) 004#E000
(1666195764) 201#900000
(1666195764) 202#900000
(1666195764) 181#492A2A04
(1666195764) 182#49362A04
(1666195764) 181#4AD62A05
(1666195764) 182#4AE82C05
(1666195764) 025#40
(1666195764) 182#27FFFF06
(1666195764) 181#26000006
(1666195764) 181#27000007
(1666195764) 182#26000007
(1666195764) 004#E000
(1666195764) 201#900000
(1666195765) 202#900000
(1666195765) 109#3C00
(1666195765) 025#40
(1666195765) 202#900000
(1666195765) 201#900000
(1666195765) 004#E000
(1666195765) 025#40
(1666195765) 004#E000
(1666195765) 201#900000
(1666195765) 202#900000
(1666195765) 025#40
(1666195765) 004#E000
(1666195765) 201#900000
(1666195765) 202#900000
(1666195765) 025#40
(1666195765) 004#E000
(1666195765) 201#900000
(1666195765) 202#900000
(1666195766) 025#40
(1666195766) 025#40
(1666195766) 025#40
(1666195766) 309#40
(1666195766) 025#00
(1666195766) 309#40
(1666195766) 025#00
(1666195766) 309#40
(1666195766) 025#00
(1666195766) 309#40
(1666195766) 025#00
(1666195766) 004#E000
(1666195766) 046#00
(1666195766) 204#00
(1666195766) 201#900000
(1666195766) 202#900000
(1666195766) 025#00
(1666195766) 004#E000
(1666195766) 201#900000
(1666195766) 202#900000
(1666195767) 025#00
(1666195767) 121#1A00
(1666195767) 004#E000
(1666195767) 201#900000
(1666195767) 202#900000
(1666195767) 025#00
(1666195767) 181#A8000003
(1666195767) 182#A8000003
(1666195767) 345#747700
(1666195767) 128#C0
(1666195767) 181#492B2A04
(1666195767) 182#49352A04
(1666195767) 004#E000
(1666195767) 201#900000
(1666195767) 202#900000
(1666195768) 388#30E40100
(1666195768) 181#4AD72A05
(1666195768) 182#4AE02C05
(1666195768) 025#00
(1666195768) 182#27000006
(1666195768) 181#26000006
(1666195768) 181#27000007
(1666195768) 182#26000007
(1666195768) 004#E000
(1666195768) 201#900000
(1666195768) 202#900000
(1666195768) 025#00
(1666195768) 004#E000
(1666195768) 201#900000
(1666195768) 202#900000
(1666195768) 109#3C00
(1666195768) 025#00
(1666195768) 201#900000
(1666195768) 202#900000
(1666195768) 004#E000
(1666195768) 025#00
(1666195768) 32A#FF7F
(1666195769) 30A#FF7F
(1666195769) 004#E000
(1666195769) 201#900000
(1666195769) 202#900000
(1666195769) 025#00
(1666195769) 004#E000
(1666195769) 201#900000
(1666195769) 202#900000
(1666195769) 025#00
(1666195769) 004#E000
(1666195769) 201#900000
(1666195769) 202#900000
(1666195769) 025#00
(1666195769) 004#E000
(1666195769) 046#80
(1666195769) 204#20
(1666195769) 201#900000
(1666195769) 202#900000
(1666195769) 025#40
(1666195769) 025#40
(1666195769) 025#40
(1666195769) 004#E000
(1666195769) 201#900000
(1666195769) 202#900000
(1666195769) 025#40
(1666195770) 005#00040000
(1666195770) 004#E000
(1666195770) 201#900000
(1666195770) 202#900000
